0,1000,0,1000
35 75
35 115
55 115
55 353
35 353
35 393
75 393
75 373
240 373
240 393
260 393
260 603
240 603
240 643
280 643
280 623
616 623
616 643
656 643
656 603
636 603
636 556
656 556
656 516
616 516
616 536
510 536
510 516
490 516
490 357
510 357
510 337
560 337
560 357
580 357
580 400
560 400
560 440
600 440
600 420
730 420
730 440
750 440
750 450
730 450
730 490
770 490
770 470
790 470
790 490
830 490
830 450
810 450
810 280
830 280
830 240
790 240
790 260
710 260
710 240
690 240
690 35
710 35
710 0
670 0
670 15
351 15
351 0
311 0
311 35
331 35
331 138
311 138
311 158
213 158
213 138
193 138
193 115
213 115
213 75
173 75
173 95
75 95
75 75
35 75
